0
0
0
0
0
0
0
0
0
0
0
0
0
0
0
0
0
0
0
0
0
0
0
0
0
0
0
0
0
0
0
0
0
0
0.94
0
0
0
0
0
0
0
0
0
0
0
0
0
0
0
0
0
0
0
0
0
0
0
0
0
0
0
0
0
0
0
0
0
0
0
0
0
0
0
0
0
0
0
0
0
0
0
0
0
0
0
0
0
0
0.01
0
0
0
0
0
0
0
0
0
0
0
0
0
0
0
0
0
0
0
0
0
0
0
0
0
0
0
0
0
0
0
0
0
0
0
0
0
0
0
0
0
0
0
0
0
0
0
0
0
0
0
0
0
0
0
0
0
0
0
0
0
0
0
0
0
0
0
0
0
0
0
0
0
0
0
0
0
0
0
0
0
0
0
0
0
0
0
0
0
0
0
0
0
0
0
0
0
0
0
0
0
0
0
0
0
0
0
0
0
0
0
0
0
0
0
0
0
0
0
0
0.001
0.001666667
0
0
0
0
0
0
0
0
0
0
0
0
0
0
0
0
0
0
0
0
0
0
0
0
0
0
0
0
0
0
0
0
0
0
0
0
0
0
0
0
0
0
0
0
0
0
0
0
0
0
0
0
0
0
0
0
0
0
0
0
0
0
0.001111111
0.000625
0.000384615
0
0
0
0
0
0
0
0
0
0
0
0
0
0
0
0
0
0
0
0
0
0
0
0
0
0
0
0
0
0
0
0
0
0
0
0
0
0
0
0
0
0
0
0
0
0
0
0
0
0
0
0
0
0
0
0
0
0
0
0.0025
0
0.000344828
0.000333333
0.000625
0
0
0
0
0
0
0
0
0
0
0
0
0
0
0
0
0.005
0
0
0
0
0
0
0
0
0
0
0
0
0
0
0
0
0
0
0
0
0
0
0
0
0
0
0
0
0
0
0
0
0
0
0
0
0
0
0
0
0
0
0.000714286
0.000833333
0
0
0
0
0
0
0
0
0
0
0
0
0
0
0.626666667
0.235
0.188
0.036923077
0
0
0
0
0
0
0
0
0
0
0
0
0
0
0
0
0
0
0
0
0
0
0
0
0
0
0
0
0
0
0
0
0
0
0
0
0
0
0
0
0
0
0.000588235
0
0.000357143
0
0.00125
0.002
0
0
0
0
0
0
0
0
0
0
0.01
0
0.313333333
0.04775
0.025263158
0.060967742
0.000833333
0
0
0
0
0
0
0
0
0
0
0
0
0
0
0
0
0
0
0
0
0
0
0
0
0
0
0
0.01
0
0
0
0
0
0
0
0
0
0
0
0
0.000666667
0
0
0
0
0.000666667
0
0
0
0
0
0
0
0
0
0
0
0
0.188
0.47
0.04775
0.019292929
0.000540541
0.001
0
0
0
0
0
0
0
0
0
0
0
0
0
0
0
0
0
0
0
0
0
0
0
0
0
0
0
0
0
0
0
0
0
0
0
0
0
0.000526316
0.000588235
0
0
0
0
0.005
0
0.000714286
0.000833333
0
0
0
0
0
0
0.94
0
0
0
0
0.003333333
0
0.0025
0.038979592
0.000909091
0.000769231
0
0
0
0
0
0
0
0
0
0
0
0
0
0
0
0
0
0
0
0
0
0
0
0
0
0
0
0
0.01
0
0
0
0
0
0
0
0
0.000333333
0.000666667
0.0008
0.000588235
0.00025641
0.0025
0.000285714
0.00075
0
0.0005
0
0
0
0
0
0
0
0
0
0
0
0
0
0
0.040425532
0.16
0.000909091
0.001
0.316666667
0
0
0
0
0
0
0
0
0
0
0
0
0
0
0
0
0
0
0
0
0.01
0
0
0
0
0
0
0.01
0
0
0
0
0
0
0
0.00025
0.000526316
0.000322581
0.000625
0.000555556
0.000555556
0.000588235
0.0005
0.000454545
0.001111111
0
0
0
0
0
0
0
0
0
0
0
0
0
0
0.079166667
0.010909091
0.087272727
0.316666667
0.01
0.01
0
0
0
0
0
0
0
0
0
0
0
0
0
0
0
0
0
0
0
0
0
0
0
0
0
0
0
0
0.01
0
0
0
0
0
0.000204082
0.000322581
0
0.003333333
0.00027027
0.000487805
0.000204082
0.000517241
0.000327869
0.001
0.000555556
0
0
0
0
0
0
0.000434783
0.0004
0
0
0.001666667
0.002
0.94
0.158333333
0.1175
0.2375
0.135
0.005
0
0
0
0.005
0
0
0
0
0
0
0
0
0
0
0
0
0
0
0
0
0
0
0
0
0
0
0
0
0.000263158
0.011046512
0.000625
0.001666667
0
0
0.000392157
0.000217391
0.000192308
0.00025641
0
0
0.00025
0.000588235
0.000232558
0.000769231
0.000416667
0.001333333
0.156666667
0.144615385
0
0.001666667
0
0
0.000952381
0.000952381
0.005
0.063333333
0.235
0
0.134285714
0.135714286
0.03220339
0.026086957
0.016569767
0.01
0.003333333
0
0
0
0
0
0
0.001428571
0
0
0
0
0
0
0
0.000357143
0
0
0
0.000588235
0
0
0
0
0.0025
0
0
0.000238095
0.00020202
0.008947368
0.00025974
0.000153846
7.19424E-05
0.000149254
0.009357798
0.00016129
0.000175439
0.000232558
0.000133333
0.000243902
0.00037037
0
0.000465116
0.000416667
0.00027027
0
0.178125
0.040425532
0
0.00047619
0
0
0.001428571
0.125333333
0.471666667
0.156666667
0.005
0
0.027647059
0.022325581
0.016541096
0.007936508
0.014333333
0.00047619
0
0.000909091
0
0
0
0
0
0
0
0
0
0
0
0
0
0
0
0
0
0
0
0
0
0.000333333
0.000434783
0
0.000833333
0.000214286
0.000134228
0.00024
0.00013245
0.000138889
0.00744186
6.71141E-05
0.009896907
0.000128205
0.000125
0.000126582
0.00016129
0.000185185
0
0.000625
0.000425532
0.00027027
0.000277778
0.000232558
0.051891892
0.052
0
0
0
0.94
0.145384615
0.04725
0.015833333
0
0.235
0.313333333
0.1175
0.019623188
0.007069597
0.003632959
5.81395E-05
0
0
0
0.001111111
0
0
0.00025641
0
0
0
0
0
0
0
0
0
0
0
0
0
0
0
0
0
0
0
0
0.000384615
0.004803922
0.000151515
0
0.000135747
0.000127389
0.000218978
0.000246914
0.00010929
9.09091E-05
0.000350877
0.00012987
0.000185185
0.000136986
0.000181818
0.000392157
0.000222222
0.000377358
0.00025641
0.000566038
0.063666667
0.060851064
0
0
0.076
0.038
0.027009346
0.024458599
0.013642857
0.376
0.134285714
0.47
0.012226891
0.011275362
0.0140625
0.010025773
0.007328244
0.001428571
0.008050847
0
0
0
0
0
0
0
0
0
0
0
0
0
0
0
0
0
0
0
0
0
0
0.034814815
0.000344828
0
0.005388889
0.00031746
0.000141844
8.40336E-05
0.004311111
0.00497561
0.00013245
0.000152672
0.000136986
0.000111732
0.005
0.000185185
0.000138889
0.000104167
0.000117647
0.000425532
0.000240964
0.000392157
0.000405405
0.020638298
0.026216216
0.058181818
0.144615385
0.11875
0.23625
0.313333333
0.026054422
0.025891892
0.034117647
0.056567164
0.353636364
0.028736059
0.015860465
0.017117347
0.013131991
0.007967033
0.008861538
0.000238095
0
0
0
0.011604938
0
0
0
0
0.016491228
0
0.5
0
0
0
0
0.055294118
0.026857143
0
0
0
0
0
0
0.0003125
0.000178571
0.0590625
0.036037736
0.01528
0.005523256
0.015777778
0.017453988
0.016406926
0.006934307
0.000181818
0.000144928
0.000163043
0.004553991
0.005274725
0.000235294
8.33333E-05
0.000181818
0.003333333
0.001111111
0.000294118
0.00047619
0.034756098
0.058181818
0.072307692
0.023023256
0.033928571
0
0.1175
0
0.000769231
0.049473684
0.045714286
0.022760943
0.022209567
0.020292096
0.010961183
0.055802139
0.009979592
0.009068323
0
0
0.000833333
0
0.000833333
0
0
0
0
0
0
0
0.022727273
0
0
0
0
0
0
0
0.021477273
0.000333333
0
0.0315
0.000243902
0.094
0.051351351
0.020829694
0.055
0.023899371
0.02412766
0.049137931
0.09047619
0.018294574
0.011869159
0.000115607
0.000123967
0.004660194
0.008715596
0
0
0.004217391
0.000268456
0.000408163
0.000327869
0.00011236
0.023580247
0.031304348
0.0945
0.1175
0.1175
0.188
0.21
0.11875
0.06
0.045581395
0.029051491
0.027897959
0.024757835
0.024416667
0.026835616
0.015433071
0.006459016
0
0
0
0.011463415
0.010804598
0
0
0
0
0
0
0
0.019583333
0.0146875
0.011463415
0
0
0
0
0.003333333
0
0
0.002
0.000869565
0.000434783
0
0
0.105555556
0.039444444
0.035660377
0.033380282
0.07875
0
0
0.208888889
0.01597973
0.003428571
0.003256579
0.011398104
0.003498233
0.007007299
0.000167364
0.005
0.000199005
0.000277778
8.77193E-05
0
0.000166667
0.01928934
0.069852941
0.09047619
0.145384615
0.052777778
0.211111111
0.11875
0.082083333
0.078064516
0.031731161
0.03425656
0.021863248
0.027332362
0.023919308
0.008264463
0.003737024
0
0.022857143
0.00010989
0.000285714
0
0.058823529
0
0
0
0.010930233
0.035121951
0
0
0.016785714
0.012702703
0
0
0
0
0
0.000857143
0
0.08173913
0.02776699
0.0192
0.020989011
0.073076923
0.020875912
0.0754
0
0
0
0
0
0
0.046633663
0.011347518
0.027857143
0.008227848
0.002877493
0.003174603
0.004767726
9.49367E-05
0.007092199
0.005931677
5.58659E-05
0.009795918
0.034280576
0.033740157
0.041400966
0.116585366
0.0784
0.104444444
0.12125
0.094
0.090909091
0.018113208
0.036646943
0.037671958
0.037473054
0.027533578
0.028508914
0.029694836
0.00744186
0.006462585
0
0.032758621
0.000196078
0.077692308
0.00125
0.134285714
0.014338235
0.015666667
0.0188
0.017798742
0.018349515
0.000208333
0.009268293
0.018349515
0.029375
0.03
0
0
0.028269231
0.01516129
0
0.023414634
0
0
0.024
0.030978261
0
0
0.005
0
0.002
0.01
0
0
0.188
0.02
0.026318182
0.003931452
0.005012723
0.005561798
0.008772727
0.003919192
0.005803922
0.000155902
0.010878505
0.01326087
0.024109015
0.032197183
0.034440789
0.089594595
0.140243902
0.18125
0.106666667
0.105555556
0.14
0.0945
0.025955056
0.029855856
0.021600688
0.027419786
0.043640898
0.025809313
0.011259542
0.018714286
0.006962963
0.040677966
0.01979798
0.01568
0.144285714
0
0.00047619
0
0.029791667
0.01
0.017207207
0.019127517
0.016608187
0.018152866
0.022926829
0.01496063
0.027062937
0.010930233
0.008135593
0.031767956
0.022857143
0.000769231
0.005
0.001428571
0
0
0.001428571
0.085
0.113333333
0.002222222
0.002
0.004285714
0.006666667
0.005
0.001666667
0.022971014
0.024984848
0.010356394
0.013075435
0.00602459
0.011134615
0.010808824
0.02044226
0.024112821
0.026225088
0.028647764
0.023714286
0.050676329
0.113026316
0.089259259
0.12125
0.111764706
0.103157895
0.103157895
0.098
0.115294118
0.034564831
0.043130545
0.043963964
0.028097826
0.026988189
0.026649746
0.01601432
0.028625731
0.00532967
0.009965398
0.014042553
0.019395973
0.060645161
0
0.012125
0.012699115
0.027142857
0.014765625
0
0.01605042
0.016695652
0.0376
0.068571429
0.006258065
0.011309524
0.009362745
0.011666667
0.015677419
0.035555556
0.003333333
0.002727273
0.002857143
0.001538462
0.001818182
0.001666667
0.002
0.002
0.004
0.003
0.005
0.004
0.002
0.001666667
0.017123016
0.044865832
0.020155709
0.017920133
0.015471448
0.017262873
0.018163743
0.031057935
0.045584281
0.042862488
0.031575492
0.083333333
0.103913043
0.076578947
0.115294118
0.18125
0.108888889
0.065096154
0.038146067
0.161111111
0.111538462
0.047918425
0.054161641
0.034082278
0.031152815
0.035055249
0.024605544
0.0288
0.019145299
0.028343023
0.021629213
0.023771626
0.020983607
0.011707317
0.005987654
0.021111111
0.027266187
0
0.134
0
0.008205128
0.011707317
0.030983607
0.026088435
0.01519685
0.017371601
0.001538462
0.014808184
0.007528517
0.002
0.003636364
0.005
0.003333333
0.002222222
0.002857143
0.001666667
0.004
0.002857143
0.002222222
0.003333333
0.004
0.004285714
0.003333333
0.002307692
0.073461538
0.038153702
0.043665835
0.017427123
0.023414013
0.012640523
0.021197605
0.072918251
0.048420578
0.029681979
0.080416667
0.025
0.138571429
0.158333333
0.152631579
0.053333333
0.056470588
0.081666667
0.1225
0.099137931
0.098703704
0.032406639
0.039721707
0.021988636
0.034580645
0.0294
0.023100775
0.024334365
0.024336918
0.042386157
0.022211982
0.000339623
0.011666667
0.000169492
0.000103093
0.014291045
0.017089716
0
0.47
0.042
0.006870748
0.025761589
0.027370892
0.02076087
0.021565495
0.027088608
0.022218597
0.023876712
0.022170543
0.003846154
0.005
0.003333333
0.004
0.001538462
0.003
0.036463415
0.003076923
0.003333333
0.002727273
0.00375
0.00375
0.002857143
0.001666667
0.0025
0.0025
0.063833333
0.020473441
0.015987055
0.02952986
0.0281639
0.027926078
0.042359023
0.036494096
0.039466667
0.116
0.061914894
0.073846154
0.08
0.093333333
0.075384615
0.106666667
0.065333333
0.064
0.124871795
0.07863109
0.02175
0.006333333
0.011585366
0
0
0.017857143
0.020309278
0.019626437
0.02459375
0
0.017029412
0.000233645
0.000457516
0.007251908
0.034411765
0.019356436
0.023905054
0.017852162
0.016243194
0.020893939
0.042336634
0.023401361
0.018494118
0.028656716
0.041034483
0.021820449
0.000967742
0.000405405
0.003
0.002857143
0.004285714
0.004285714
0.004
0.001578947
0.001333333
0.071071429
0.039324324
0.114396887
0.0825
0.004444444
0.005
0.004
0.005
0.002857143
0.001
0.013763441
0.02125387
0.036960317
0.037513181
0.00970297
0.036902174
0.04422202
0.035047847
0.043731343
0.085217391
0.044090909
0.074615385
0.087272727
0.115294118
0.106666667
0.073846154
0.12
0.04804878
0.000540541
0
0
0
0.032413793
0.000625
0
0.034333333
0.02807971
0.014572271
0.000306122
0.007933884
0.021504425
0.015793651
0.042469136
0.023657817
0.020694864
0.010826087
0.022395983
0.0307277
0.023738318
0.046598361
0.043271984
0.034651952
0.034325366
0.041956088
0.000882353
0.002307692
0.015230769
0.003333333
0.001818182
0.004
0.002857143
0.001111111
0.00375
0.001111111
0.001818182
0.002380952
0.107427101
0.126545064
0.003
0.003333333
0.005
0.0025
0.0025
0.002307692
0.038932039
0.034726368
0.031553057
0.09229929
0.066536732
0.031787763
0.05245283
0.122231986
0.10530303
0.06668942
0.0191
0.106666667
0.12
0.211111111
0.096
0.073846154
0.039583333
0.023703704
0.022196262
0
0
0.035172414
0.022823529
0
0
0
0.030769231
0.026098655
0.01393617
0
0.006955017
0.000308642
0.001111111
0.025014245
0.031287129
0.023421053
0.033033708
0.007901235
0.028295082
0.035851852
0.052922374
0.010537634
0.018954248
0.001666667
0.005
0.001538462
0.059384615
0.000689655
0.0025
0.001428571
0.000833333
0.002727273
0.002
0.004444444
0.002
0.003333333
0.002105263
0.005
0.051578947
0.002
0.0025
0.002307692
0.001538462
0.06
0.001578947
0.135
0.032903226
0.036659065
0.058207343
0.060843938
0.015226917
0.018679245
0.012370766
0.028759124
0.033969298
0.068571429
0.074615385
0.053333333
0.096
0.11875
0.056101695
0.043042254
0.017988506
0.004016393
0.003428571
0.010356394
0.00537234
0.000202703
0.044318182
0.017457627
0.010103806
0.009974747
0.015901639
0.02754717
0.004350877
0.001428571
0.002142857
0.053888889
0.057233273
0.035223097
0.001
0.02702381
0.027715789
0.040620321
0.036925032
0.034482759
0.030099404
0.018196286
0.0025
0.001818182
0.042844444
0.002307692
0.005
0.012875817
0.000909091
0.001764706
0.001212121
0.003636364
0.0025
0.003
0.000909091
0.06125
0.0485
0.067666667
0.0412
0.045
0.048636364
0.038461538
0.0416
0.028055556
0.06375
0.044545455
0.098
0.026229152
0.049492032
0.054459184
0.032266244
0.010912442
0.009810945
0.01647482
0.04
0.053333333
0.158333333
0.087272727
0.06
0.094146341
0.019518072
0.031853998
0.018165038
0.029248619
0.036795866
0.015579937
0.00432
0.000967742
0.020212766
0.016523605
0.027580645
0.09047619
0.015873016
0.052
0.001428571
0.016639344
0.033103448
0.047754237
0.002142857
0.034853273
0.022659252
0.024403101
0.01375
0.028625731
0.026746362
0.020738363
0.01434238
0.024267516
0.000555556
0.046699029
0.015238095
0.03805
0.019215686
0.03147541
0.001764706
0.002272727
0.074615385
0.0025
0.0475
0.035555556
0.000909091
0.001818182
0.002857143
0.002941176
0.001875
0.003
0.003333333
0.002121212
0.108888889
0.056111111
0.052684564
0.020237154
0.062855491
0.066414245
0.012688911
0.012778675
0.013908297
0.014028169
0.014202899
0.074615385
0.064666667
0.049
0.09047619
0.038076923
0.1955
0.038993711
0.03540107
0.050977011
0.096218354
0.042918108
0.005072464
0.013114094
0.021235431
0.01667304
0.008970588
0.016571429
0.0396
0.001764706
0.001333333
0.03972973
0.031688312
0.06
0.08
0.025526316
0.021966054
0.027147271
0.029956044
0.024342466
0.033154122
0.020142631
0.006
0.000333333
0.002142857
0.00075
0.007279412
0.065454545
0.001538462
0.000405405
0.001818182
0.001428571
0.012125
0.096
0.033103448
0.001666667
0.001818182
0.078461538
0.090454545
0.103
0.003076923
0.002857143
0.027631579
0.086086957
0.002666667
0.021875
0.032831325
0.05311828
0.106267967
0.096792724
0.015957162
0.009370787
0.016382166
0.016215805
0.015119048
0.013559322
0.015494071
0.053703704
0.068571429
0.04
0.127333333
0.051052632
0.069285714
0.04902439
0.045025467
0.047332613
0.009122402
0.009104478
0.027669337
0.060377613
0.044425635
0.001785714
0.049645161
0.001290323
0.045217391
0.000666667
0.024
0.084166667
0.084166667
0.091818182
0.017487179
0.020944882
0.029661654
0.027642487
0.019198895
0.020164271
0.008597734
0.01500768
0.013236815
0.00996
0.000466472
0.102
0.038518519
0.046363636
0.045217391
0.004
0.033448276
0.00375
0.0015625
0.004
0.002857143
0.000689655
0.021804511
0.145714286
0.113333333
0.17
0.145714286
0.004285714
0.102
0.001818182
0.086363636
0.000909091
0.025730337
0.034082722
0.013552124
0.010867769
0.008741573
0.030535433
0.004202899
0.02070922
0.025536723
0.068571429
0.044090909
0.106666667
0.045227273
0.217777778
0.137142857
0.163333333
0.064666667
0.027693523
0.007314578
0.011222707
0.021099476
0.07170073
0.028948339
0.018734177
0.024683544
0.051333333
0.0012
0.01754386
0.001111111
0.068666667
0.085
0.092727273
0.068666667
0.023710407
0.037809187
0.022970297
0.012875
0.019659091
0.014416058
0.01797048
0.012747748
0.014007061
0.021767956
0.017125307
0.018535032
0.06375
0.021333333
0.015
0.043246753
0.05969697
0.0025
0.001111111
0.014772727
0.011111111
0.115294118
0.17
0.145714286
0.145714286
0.145714286
0.113333333
0.145714286
0.1275
0.001428571
0.002
0.1625
0.016791498
0.016730245
0.003715976
0.009913669
0.013748031
0.019026549
0.023950413
0.039251012
0.106666667
0.2375
0.137142857
0.16
0.120243902
0.08
0.053333333
0.127333333
0.019908257
0.00772
0.003084948
0.003947368
0.017122807
0.031127168
0.115405093
0.033225806
0.035180723
0.0985
0.202
0.004
0.0025
0.202
0.144285714
0.011910112
0.085833333
0.073571429
0.093636364
0.017559172
0.016168929
0.022901619
0.021338983
0.016518306
0.018394495
0.020927835
0.032741935
0.014157706
0.001666667
0.038355263
0.016709402
0.007293233
0.000645161
0.038943089
0.015737705
0.02088968
0.000606061
0.00037037
0.004
0.1275
0.17
0.004
0.002
0.0025
0.147142857
0.202
0.202
0.00173913
0.00125
0.013706294
0.012764378
0.005835735
0.006428571
0.005775401
0.02903268
0.045092593
0.103684211
0.16
0.16
0.137142857
0.137142857
0.057058824
0.150769231
0.064
0.004828125
0.00844413
0.002531328
0.009151194
0.010405644
0.048984127
0.162978142
0.029212121
0.025635179
0.000481928
0.002857143
0.0025
0.202
0.003333333
0.202
0.113333333
0.144285714
0.073571429
0.014265464
0.019432799
0.008823529
0.007456359
0.01131528
0.019295886
0.016893354
0.011988304
0.000888889
0.074420131
0.018240741
0.033432494
0.0025
0.004
0.005
0.096
0.000909091
0.0159375
0.004
0.000571429
0.014264706
0.069285714
0.204
0.006
0.001818182
0.001
0.003529412
0.12625
0.063125
0.065
0.002
0.005941176
0.010050761
0.004777778
0.020720961
0.022780374
0.040023015
0.0995
0.054444444
0.12125
0.28
0.28
0.245
0.28
0.103684211
0.217777778
0.01190709
0.008185567
0.014709596
0.034561271
0.00753886
0.062250639
0.12382716
0.174117647
0.1225
0.084166667
0.085
0.168333333
0.2525
0.2525
0.168333333
0.17
0.144285714
0.045227273
0.01443804
0.018053333
0.005128205
0.015178571
0.019187675
0.021501014
0.021714286
0.017507478
0.051025641
0.054288577
0.06375
0.145714286
0.025121951
0.204
0.204
0.204
0.204
0.17
0.034107143
0.147142857
0.004
0.004
0.005
0.002
0.051351351
0.17
0.202
0.12875
0.093636364
0.12875
0.17
0.016724638
0.004735577
0.005838264
0.012427007
0.023492823
0.1204
0.18
0.141428571
0.16
0.138571429
0.087272727
0.197
0.198
0.099
0.178181818
0.027884615
0.021172962
0.014961479
0.027501859
0.069333333
0.1225
0.06
0.1485
0.078461538
0.072857143
0.144285714
0.144285714
0.2525
0.168333333
0.101
0.168333333
0.112222222
0.073703704
0.016270338
0.007224335
0.012284483
0.011787879
0.022777778
0.009898734
0.037418856
0.031258278
0.036666667
0.012528736
0.1275
0.05
0.113333333
0.204
0.204
0.204
0.005
0.003333333
0.005
0.004
0.004
0.003333333
0.004
0.002
0.003333333
0.204
0.204
0.1275
0.105
0.060392157
0.002571429
0.014146919
0.006173633
0.011002227
0.033266476
0.142682927
0.131333333
0.151538462
0.132
0.114444444
0.150769231
0.245
0.092727273
0.151538462
0.12375
0.093809524
0.0315625
0.050659841
0.028240291
0.014269341
0.068666667
0.036206897
0.064375
0.136363636
0.061176471
0.103
0.12625
0.2525
0.113333333
0.114444444
0.103
0.103
0.112222222
0.086956522
0.025173454
0.030820046
0.007591241
0.018540373
0.038302687
0.021955307
0.039337248
0.014075829
0.073658537
0.028378378
0.040833333
0.044431818
0.093636364
0.171666667
0.204
0.171666667
0.204
0.006
0.147142857
0.147142857
0.004
0.005
0.004
0.002
0.001666667
0.2525
0
0.0025
0.1275
0.204
0.022316384
0.027295374
0.020722022
0.028996283
0.108867925
0.162222222
0.153684211
0.179090909
0.116470588
0.103
0.085833333
0.052894737
0.1564
0.093636364
0.151538462
0.114444444
0.132
0.084347826
0.102
0.1275
0.094545455
0.079230769
0.055263158
0.086956522
0.104
0.074285714
0.204
0.08375
0.202
0.202
0.2525
0.179090909
0.147142857
0.168333333
0.068666667
0.064375
0.073571429
0.109444444
0.020901857
0.03753012
0.033991354
0.115882353
0.086666667
0.033225806
0.049770115
0.064304636
0.055280899
0.064833333
0.171666667
0.003333333
0.004
0.17
0.004
0.204
0.002
0.004
0.0025
0
0.003333333
0
0.505
0.01
0.003333333
0
0.02020979
0.019365079
0.038442211
0.111428571
0.224615385
0.151538462
0.115882353
0.12875
0.197
0.147142857
0.171666667
0.092727273
0.326666667
0.24625
0.24375
0.208571429
0.245
0.218888889
0.17
0.204
0.12875
0.12875
0.054210526
0.05
0.145714286
0.079230769
0.145714286
0.057777778
0.255
0.505
0.2525
0.2525
0.5
0.336666667
0.505
0.505
0.5
1
0.084166667
0.036231003
0.036052632
0.041538462
0.115555556
0.038650794
0.073267327
0.06735
0.096451613
0.204
0.147142857
0.336666667
0
0.003333333
0.003333333
0.005
0.003333333
0.005
0.005
0.005
0.003333333
0.003333333
0
0.006666667
0
0
0.0008
0.013157895
0.038943089
0.0909375
0.093809524
0.103
0.0525
0.104210526
0.095454545
0.144285714
0.006666667
0.12875
0.171666667
0.204
1
0.150769231
0.5
0.2525
0.336666667
0.204
0.069333333
0.204
0.065
0.035333333
0.057222222
0.069333333
0.044444444
0.052
0.505
0.505
1
0.333333333
1
0.505
0.336666667
0.505
1
0.5
0.152307692
0.075
0.032424242
0.06625
0.145714286
0.070393258
0.072312139
0.047857143
0.003333333
0.001428571
0.005
0.003333333
0.005
0.01
0.003333333
0
0
0.01
0
0
0
0
0
0.003333333
0
0.005
0.000864198
0.011802326
0.080416667
0.033218391
0.0388
0.046666667
0.11
0.112352941
0.002
0.004
0.01
0.004285714
0.01
0
0.079166667
0
0
0
0.0025
0
0
0.003333333
0.002857143
0
0.001818182
0.001764706
0.001818182
0.002222222
0.003333333
0
0
0
0
0.01
0.005
0.475
0.137142857
0.002
0.001818182
0.002142857
0.002857143
0.00125
0.005
0.014230769
0.001764706
0.035714286
0.255
0.5
0.17
0.002
0
0.002
0.003333333
0
0
0
0
0.47
0
0
0
0.003333333
0.006666667
0.002
0.002272727
0.033218391
0.028058252
0.092258065
0.049
0.064333333
0.061935484
0.093137255
0.002
0.002857143
0
0.003333333
0.004
0
0.002
0.0025
0
0
0.003333333
0
0.001818182
0.0025
0.002
0
0
0.002142857
0
0.036071429
0.003333333
0.003333333
0.01
0.002
0
0.001
0.001818182
0.001111111
0.0025
0.0025
0.101
0.069333333
0.168333333
0.204
0.043695652
0.040769231
0.062765957
0.204
0.003333333
0
0.01
0.003333333
0
0
0.0025
0.0025
0
0
0
0
0
0
0.005
0.002
0.001428571
0.005
0.001666667
0.002777778
0.00125
0.112352941
0.083478261
0.053888889
0.001818182
0.001111111
0.105555556
0
0
0.003333333
0
0
0
0
0
0
0.004
0.002222222
0.0025
0.0025
0.001666667
0
0
0.000909091
0.002
0.001333333
0.080833333
0.002857143
0.002
0.005
0.11875
0.002
0.002857143
0.005
0.01
0
0.003076923
0.12875
0.144285714
0.001666667
0.001111111
0.004
0.145714286
0.2525
0.005
0
0.005
0.003333333
0
0
0
0
0.0025
0
0
0
0
0
0
0.004
0.002
0
0
0.135714286
0.063666667
0.0896875
0.086666667
0.047073171
0.001666667
0.053333333
0.064
0.073076923
0
0
0
0
0
0
0
0
0.00125
0.002
0.001111111
0.002857143
0.005
0.001818182
0.0025
0.001176471
0.001111111
0.073846154
0.073846154
0.001538462
0
0.47
0.0025
0
0.0025
0
0
0.005
0.001818182
0.001818182
0.001111111
0.001666667
0
0.004285714
0.002
0.01
0.005
0.005
0
0
0
0
0
0
0
0
0
0
0
0
0
0.002
0.002
0
0.003333333
0.067857143
0.054857143
0.051891892
0.095
0.000769231
0.001333333
0.001
0
0.135714286
0.156666667
0.005
0
0
0
0
0
0
0
0.001666667
0.08
0.08
0.056470588
0.09047619
0.0764
0.053333333
0.068571429
0.105555556
0.067857143
0.079166667
0.065862069
0.065172414
0.060967742
0.043181818
0.000909091
0.001333333
0.000666667
0.001
0.000625
0.000833333
0.067857143
0.000833333
0
0.003333333
0.002
0.003333333
0
0
0.94
0
0
0
0
0
0.005
0
0.002
0
0
0
0
0
0.00125
0
0.19
0.105555556
0.034137931
0.002
0
0
0
0
0
0
0
0
0
0
0
0.11875
0
0
0
0.002
0.158333333
0.12
0.053333333
0.158333333
0.082608696
0.063666667
0.07037037
0.065517241
0.064
0.0764
0.118125
0.062666667
0.111176471
0.095333333
0.144615385
0.068571429
0.135
0.08
0.001111111
0.072307692
0.001
0.21
0.000833333
0.002
0.002
0.19
0.005
0
0
0
0
0
0
0
0
0
0
0
0
0.002
0
0
0
0.001428571
0.0025
0.146153846
0
0
0
0
0
0
0.94
0
0
0
0
0
0.626666667
0.235
0.156666667
0.188
0.47
0.156666667
0
0.23625
0.313333333
0
0.086363636
0.04173913
0.061612903
0.0675
0.000769231
0
0
0.47
0.002
0
0
0
0
0
0
0
0
0
0
0
0
0.003333333
0
0
0
0
0
0
0
0.01
0
0
0
0
0
0
0
0
0
0
0
0
0
0
0
0
0
0
0
0
0
0
0
0.1175
0
0
0
0
0
0
0
0
0
0
0
0
0.001111111
0.056470588
0
0
0
0.005
0.003333333
0
0
0
0
0
0
0
0
0
0
0
0
0
0
0
0
0
0
0
0
0
0
0
0
0
0
0
0
0
0
0
0
0
0
0
0
0
0
0
0
0
0
0
0
0
0
0
0
0
0
0
0
0
0
0
0
0
0
0
0
0
0
0
0
0
0
0
0
0
0
0
0
0
0
0
0
0
0
0
0
0
0
0
0
0
0
0
0
0
0
0
0
0
0
0
0
0
0
0
0
0
0
0
0
0
0
0
0
0
0
0
0
0
0
0
0
0
0
0
0
0
0
0
0
0
0
0
0
0
0
0
0
0
0
0
0
0
0
0
0
0.134285714
0
0
0
0
0
0
0
0
0
0
0
0
0
0
0
0
0
0
0
0
0
0
0
0
0
0
0
0.104444444
0
0
0
0
0
0
0
0
0
0
0
0
0
0
0
0
0
0
0
0
0
0
0
0
0
0
0
0
0
0
0
0
0
0
0.188
0
0
0
0
0
0
0
0
0
0
0
0
0
0
0
0
0
0
0
0
0
0
0
0
0
0
0
0
0
0
0
0
0
0
0
0.47
0
0
0
0
0
0
0
0
0
0
0
0
0
0
0
0
0
0
0
0
0
0
0
0
0
0
0
0
0
0
0
0
0
0
0
0
0
0
0
0
0
0
0
0
0
0
0
0
0
0
0
0
0
0
0
0
0
0
0
0
0
0
0
0
0
0
0
0
0
0
0
0
0
0
0
0
0
0
0
0
0
0
0
0
0
0
0
0
0
0
0
0
0
0
0
0
0
0
0
0
0
0
0
0
0
0
0
0
0
0
0
0
0
0
0
0
0
0
0
0
0
0
0
0
0
0
0
0
0
0
0
0
0
0
0
0
0
0
0
0
0
0
0
0
0
0
0
0
0
0
0
0
0
0
0
0
0
0
0
0
0
0
0
0
0
0
0
0
0
0
0
0
0
0
0
0
0
0
0
0
0
0
0
0
0
0
0
0
0
0
0
0
0
0
0
0
0
0
0
0
0
0
0
0
0
0
0
0
0
0
0
0
0
0
0.316666667
0
0
0
0
0
0
0
0
0
0
0
0
0
0
0
0
0
0
0
0
0
0
0
0
0
0
0
0
0
0
0
0
0
0
0
0
0
0
0
0
0
0
0
0
0
0
0
0
0
0
0
0
0
0
0
0
0
0
0
0
0
0
0
0
0
0
0
0
0
0
0
0
0
0
0
0
0
0
0
0
0
0
0
0
0
0
0
0
0
0
0
0
0
0
0
0
0
0
0
0
0
0
0
0
0
0
0
0
0
0
0
0
0
0
0
0
0
0
0
0
0
0
0
0
0
0
0
0
0
0
0
0
0
0
0
0
0
0
0
0
0
0
0
0
0
0
0
0
0
0
0
0
0
0
0
0
0
0
0
0
0
0
0
0
0
0
0
0
0
0
0
0
0
0
0
0
0
0
0
0
0
0
0
0
0
0
0
0
0
0
0
0
0
0
0
0
0
0
0
0
0
0
0
0
0
0
0
0
0
0
0
0
0
0
0
0
0
0
0
0
0
0
0
0
0
0
0
0
0
0
0
0
0
0
0
0
0
0
0
0
0
0
0
0
0
0
0
0
0
0
0
0
0
0
0
0
0
0
0
0
0
0
0
0
0
0
0
0
0
0
0
0
0
0
0
0
0
0
0
0
0
0
0
0
0
0
0
0
0
0
0
0
0
0
0
0
0
0
0
0
0
0
0
0
0
0
0
0
0
0
0
0
0
0
0
0
0
0
0
0
0
0
0
0
0
0
0
0
0
0
0
0
0
0
0
0
0
0
0
0
0
0
0
0
0
0
0
0
0
0
0
0
0
0
0
0
0
0
0
0
0
0
0
0
0
0
0
0
0
0
0
0
0
0
0
0
0
0
0
0
0
0
0
0
0
0
0
0
0
0
0
0
0
0
0
0
0
0
0
0
0
0
0
0
0
0
0
0
0
0
0
0
0
0
0
0
0
0
0
0
0
0
0
0
0
0
0
0
0
0
0
0
0
0
0
0
0
0
0
0
0
0
0
0
0
0
0
0
0
0
0
0
0
0
